index	name	pval	adj_pval	diff	t_statistic	se	df	avg_abundance	n_approx	n_obs
1	A0A096LPI6	0.90202661	0.939859012	0.019828798	0.125352676	0.158184085	14	25.78048169	21.00000074	21
2	A0A0A6YYA0;Q9Y3B3	0.282507913	0.437962844	0.129275591	1.117702399	0.115661907	14	25.68207866	21	21
3	A0A0A6YYH1;P59780	0.86225963	0.939859012	0.054762623	0.176719648	0.309884178	14	21.95303905	14.08388111	14
4	A0A0A6YYL6;P18621	0.014752746	0.044354925	0.090535619	2.77988411	0.032568127	14	30.20685653	21	21
5	A0A0B4J1V8;Q9NQ55	0.529009512	0.699879203	0.21555019	0.645550574	0.333901322	14	24.84475592	21	21
6	A0A0B4J269;Q13509	0.052231033	0.121423918	2.879278296	2.121296593	1.357320002	14	23.01283473	7.001	5
7	A0A0B4J2E5;Q15269	0.842641792	0.939859012	0.01955404	0.202235728	0.096689344	14	25.88490832	21.00000044	21
8	A0A0J9YWU9;P0DP08;P0DP06;A0A0C4DH41;P01825;P06331;P01824;A0A0C4DH34;A0A087WW49;A0A075B7B6;A0A075B6R2;P0DP07;A0A087WSY4;Q9LKU3	0.000981943	0.004647974	0.294985579	4.149803621	0.071084226	14	26.11973402	21.00000001	21
9	A0A0U1RQV1	0.917637215	0.939859012	-0.129838997	-0.105292776	1.233123511	14	21.27166708	7.001	0
10	A0A183	0.917637215	0.939859012	-0.129838997	-0.105292776	1.233123511	14	21.27166708	7.001	0
11	A0A1B0GU03;P07339	0.141564216	0.258609607	-0.20474107	-1.557923986	0.131419165	14	24.14017556	21.0000003	21
12	A0A1I9LT02;Q9M9P3	1.73E-06	1.88E-05	-2.819850305	-7.841484049	0.359606713	14	24.7443017	16.07163012	16
13	A0A1P8AN89	0.917637215	0.939859012	-0.129838997	-0.105292776	1.233123511	14	21.27166708	7.001	0
14	A0A1P8ATL2;Q9SA52	2.69E-13	4.78E-11	-2.050553797	-26.19974998	0.078266159	14	25.31125807	12.01701536	12
15	A0A1P8AWQ7;F4HPY8;Q9ASZ9;Q93ZN2;Q84M96;O22707	0.082591263	0.17254835	-2.129010265	-1.869650452	1.138721018	14	21.55759961	7.001	1
16	A0A1P8AWX3;F4HR92	1.54E-10	6.79E-09	-4.104471327	-16.41071786	0.250109188	14	23.00135871	8.076027124	8
17	A0A1P8AY88;Q9FFK7	0.917637215	0.939859012	-0.129838997	-0.105292776	1.233123511	14	21.27166708	7.001	0
18	A0A1P8B068	0.021560078	0.06030906	-3.805481747	-2.585914369	1.471619398	14	22.39729124	7.001	5
19	A0A1P8B096	0.917637215	0.939859012	-0.129838997	-0.105292776	1.233123511	14	21.27166708	7.001	0
20	A0A1P8B167;Q9SJU9	0.006445715	0.022373052	-1.444523224	-3.198032376	0.451691245	14	21.98428926	7.109705416	7
21	A0A1P8B2T5	0.917637215	0.939859012	-0.129838997	-0.105292776	1.233123511	14	21.27166708	7.001	0
22	A0A1P8B386	0.917637215	0.939859012	-0.129838997	-0.105292776	1.233123511	14	21.27166708	7.001	0
23	A0A1P8B4W3;F4JIE1;Q8GXE2;Q8W108	0.080226449	0.168889714	-2.146439876	-1.885916027	1.138141807	14	21.56008949	7.001	1
24	A0A1P8B564;P25819	1.89E-10	7.83E-09	-3.039434675	-16.16032533	0.188080043	14	23.77730992	12.07099884	12
25	Q8H1G4;A0A1P8B5Z0	0.436412584	0.606116259	-1.389642205	-0.801183437	1.734486935	14	21.49581886	7.001	5
26	A0A1P8B667	0.076011523	0.162250266	-0.76136298	-1.916009729	0.397369057	14	22.33846595	7.013277812	7
27	A0A1P8B9L1;Q9S7E4	4.11E-05	0.000304731	-3.344932714	-5.865529573	0.570269517	14	23.4698276	10.54991344	10
28	Q94JV8;A0A1P8B9S8	0.917637215	0.939859012	-0.129838997	-0.105292776	1.233123511	14	21.27166708	7.001	0
29	A0A1P8BFG5;Q9FK35	0.11150564	0.216189067	-2.773589978	-1.698562439	1.63290434	14	21.64608754	7.001	3
30	A0A1P8BG25;Q9SD73;Q9SD68;Q8RWM4	7.51E-11	3.90E-09	-2.775305843	-17.31591955	0.160274817	14	24.42442993	21	21
31	A0A1W2PNV4	0.591993957	0.762716803	0.787839027	0.548491968	1.436372953	14	22.07495452	7.001	5
32	A0A1W2PQS6;O95989	0.533627286	0.704802833	0.175453288	0.638227082	0.274907307	14	22.71191019	11.94975163	12
33	A0A1W2PRB8;Q9H0W9;Q9NVC6	0.666303599	0.835725977	-0.086876853	-0.440495273	0.197225392	14	22.76132254	21	21
34	A0A219HZL6	0.001228737	0.005562663	-0.601259637	-4.035031085	0.149009914	14	25.33172331	18.6091916	19
35	A0A219I0W9;Q9ZSR7	2.44E-07	3.37E-06	-2.380224362	-9.2467938	0.257410775	14	24.96541974	17.41550687	18
36	A0AVT1	0.257032185	0.407300569	0.107913531	1.181639445	0.091325261	14	26.44281019	21.00000018	21
37	A0FGR8	0.711775343	0.877760588	0.554233534	0.377070404	1.469840984	14	21.65680114	7.001	5
38	A1L0T0	0.722326867	0.887591384	0.180618638	0.362589545	0.498135262	14	23.54644281	18.80296451	19
39	Q8IVF6;A2A2Z9	0.917637215	0.939859012	-0.129838997	-0.105292776	1.233123511	14	21.27166708	7.001	0
40	A2A3N6	0.917637215	0.939859012	-0.129838997	-0.105292776	1.233123511	14	21.27166708	7.001	0
41	A3KN83	0.917637215	0.939859012	-0.129838997	-0.105292776	1.233123511	14	21.27166708	7.001	0
42	A4D1E9	0.066082967	0.145108389	-1.898099987	-1.993357035	0.952212752	14	22.32491789	6.971498483	7
43	A5YKK6	0.959069174	0.97195799	0.017151861	0.052248137	0.328276985	14	25.52623112	21.00000092	21
44	A6NDG6	0.058509575	0.132494945	0.115337134	2.059857212	0.055992781	14	26.57283041	21	21
45	A6NFQ2;A0A1B0GVM2	0.576299648	0.747180773	0.233413016	0.572139964	0.407964887	14	19.80807788	15.0433728	15
46	A6NFQ7	0.917637215	0.939859012	-0.129838997	-0.105292776	1.233123511	14	21.27166708	7.001	0
47	A6NHQ2	0.104766086	0.206641813	0.238593876	1.734584022	0.137551063	14	25.85185989	15.29198504	16
48	A6NHR9	0.351211751	0.516298037	0.276635902	0.964395007	0.286849165	14	24.3346946	19.88151493	20
49	A6NJ78	0.573999414	0.745427406	-0.099603834	-0.575633927	0.173033293	14	21.57762282	16.03145112	16
50	A6NKT7;Q7Z3J3	0.008639662	0.028394829	0.683571292	3.050590905	0.224078322	14	23.00344043	18.99884212	19
51	A6QL64	0.917637215	0.939859012	-0.129838997	-0.105292776	1.233123511	14	21.27166708	7.001	0
52	A8CG34;Q96HA1	0.255695333	0.406117372	1.302683936	1.18512619	1.099194286	14	22.3231284	14.02468756	14
53	A8MS32	0.825858659	0.939859012	-0.322429344	-0.224176364	1.438284296	14	21.25753881	7.001	3
54	A8MS81	0.917637215	0.939859012	-0.129838997	-0.105292776	1.233123511	14	21.27166708	7.001	0
55	A8MT65	0.917637215	0.939859012	-0.129838997	-0.105292776	1.233123511	14	21.27166708	7.001	0
56	A8MXV4;REV__Q8L7U7;REV__Q9SKH9	0.65718958	0.82693226	-0.105703826	-0.453427449	0.233121808	14	23.22588332	17.92627293	18
57	Q8N7Z2;A8MZA4;H0YM25	0.917637215	0.939859012	-0.129838997	-0.105292776	1.233123511	14	21.27166708	7.001	0
58	A8TX70	0.917637215	0.939859012	-0.129838997	-0.105292776	1.233123511	14	21.27166708	7.001	0
59	A9UHW6	0.937709864	0.954352523	0.088125279	0.079564361	1.107597384	14	21.50707941	10.10610417	10
60	B0I1T2	0.048323141	0.114122218	0.079747566	2.163092048	0.036867394	14	29.00089978	21	21
61	B3H5K3	0.91763793	0.939859012	-0.129675991	-0.105291858	1.231586122	14	22.55742435	7.001	2
62	B3LFA4	0.940162716	0.956318505	0.10376953	0.07642461	1.357802536	14	21.08110374	7.001	2
63	B4DLN1;Q9UBX3	0.726003146	0.889725583	0.019159291	0.357563296	0.053582934	14	27.45759405	21	21
64	B4E1Z4;P06681	0.917637215	0.939859012	-0.129838997	-0.105292776	1.233123511	14	21.27166708	7.001	0
65	B4E2M5	0.917637215	0.939859012	-0.129838997	-0.105292776	1.233123511	14	21.27166708	7.001	0
66	P0CG08;B7ZAQ6	0.917637753	0.939859012	-0.129704372	-0.105292085	1.231853004	14	21.46675116	7.001	1
67	B7ZWR6	0.110833548	0.215292408	-2.748238266	-1.702067579	1.614646974	14	21.9780303	7.001	5
68	B9DG73	0.169321895	0.296250149	-2.366403908	-1.449157819	1.632951137	14	21.75626534	7.001	5
69	B9DGD6	0.279986368	0.434665808	-2.037466589	-1.12383077	1.812965655	14	21.32305083	7.001	2
70	Q0WV25;P29511;B9DGT7	1.06E-09	3.06E-08	-2.347053025	-14.18662648	0.165441236	14	25.13226881	13.06375816	13
71	P0DI07;B9DHD3	0.804823514	0.939859012	0.362062239	0.251840745	1.437663469	14	21.20173425	7.001	1
72	Q56WH1;B9DHQ0	0.000414575	0.002224399	-0.456358092	-4.597317612	0.099266166	14	29.57519161	21.00000005	21
73	C0LGE0	0.917637215	0.939859012	-0.129838997	-0.105292776	1.233123511	14	21.27166708	7.001	0
74	C0SVV6	0.424564517	0.594865785	-0.993633393	-0.82252887	1.208022513	14	22.26786074	7.001	2
75	C0Z361;Q9C667	0.676353981	0.844483708	-0.777068688	-0.426324063	1.822718342	14	21.31719968	7.001	5
76	C9JAW5;Q9Y241	0.312469119	0.473346863	1.464828018	1.047833404	1.397958885	14	21.49977537	7.001	1
77	E7ENX8;P13765;Q94JY4;Q8N5H7	0.308341758	0.469289848	0.186758088	1.057155589	0.176660929	14	26.08187345	21	21
78	E7EVH7;Q07866;Q9H0B6	0.147180553	0.266259922	0.623049016	1.534546497	0.406015079	14	25.27415086	21.00000045	21
79	E9PAV3;Q9BZK3	0.014832887	0.044547214	-0.149006424	-2.777128829	0.053654848	14	27.04163188	21.00000019	21
80	E9PL57;Q15843;Q86V88	0.008958683	0.029181983	0.22032055	3.032315002	0.072657541	14	26.32732272	21.00000049	21
81	E9PLD3;E9PRG8	0.359888367	0.526490955	0.245367721	0.946614918	0.259205424	14	24.58991701	16.84787541	18
82	E9PLN8;Q9BQB6	0.000673243	0.003363162	0.679475083	4.34438928	0.1564029	14	24.26484353	19.91564681	20
83	F4HS99;F4HZK4	0.823614018	0.939859012	0.506925615	0.227119298	2.231979488	14	21.1792103	7.001	3
84	F4HTY0	0.917637215	0.939859012	-0.129838997	-0.105292776	1.233123511	14	21.27166708	7.001	0
85	F4HV36	0.917637215	0.939859012	-0.129838997	-0.105292776	1.233123511	14	21.27166708	7.001	0
86	F4JU70;F4HW79;O04619	0.013591539	0.041337801	0.163193706	2.821536127	0.057838602	14	28.7551991	21.00000026	21
87	F4HWQ5;P46077;Q8WXH0	6.97E-10	2.20E-08	-2.329158851	-14.64801486	0.159008499	14	23.39066866	10.01148474	10
88	F4HWY6	0.917637215	0.939859012	-0.129838997	-0.105292776	1.233123511	14	21.27166708	7.001	0
89	F4HXV6	0.471082717	0.642544688	1.048658597	0.740757879	1.415656353	14	21.81142525	7.001	3
90	F4HYF3	0.20768401	0.346664789	-2.158613054	-1.321008974	1.634063883	14	21.78970909	7.001	5
91	F4I082	2.65E-08	4.79E-07	-2.59102359	-11.05958707	0.234278511	14	22.96236066	10.13955738	10
92	F4I116	0.163377271	0.288822054	-2.372907072	-1.471117431	1.612996367	14	21.59131689	7.001	3
93	F4I3J6	0.181144286	0.311235734	-2.241638018	-1.407324139	1.592837042	14	21.80035094	7.001	4
94	F4I420	0.917637215	0.939859012	-0.129838997	-0.105292776	1.233123511	14	21.27166708	7.001	0
95	F4I7I0;Q9LDV4	1.43E-05	0.000121706	-2.641725471	-6.486842016	0.407243689	14	23.42870217	11.31212694	11
96	F4I7X1	0.000343313	0.001903261	-1.314499031	-4.696720772	0.279875917	14	22.76187118	12.00565021	12
97	F4IB35	0.917637215	0.939859012	-0.129838997	-0.105292776	1.233123511	14	21.27166708	7.001	0
98	F4IBL0	0.078073522	0.165560376	-2.183729677	-1.90110426	1.148663817	14	21.56541665	7.001	1
99	F4IBX5	0.917637215	0.939859012	-0.129838997	-0.105292776	1.233123511	14	21.27166708	7.001	0
100	F4IC59	0.09444168	0.191562803	-2.901117886	-1.793940854	1.617175884	14	22.24955881	7.001	5
101	F4ICX9	0.989079463	0.992866966	0.025872995	0.01393374	1.856859344	14	21.2328755	7.001	4
102	F4IFC5	0.059470871	0.13417506	-2.323373118	-2.050992437	1.132804333	14	21.58536504	7.001	1
103	F4IG09	0.358000006	0.524114472	-1.143993776	-0.950458798	1.203622691	14	21.41688498	7.001	1
104	F4IGA5	0.391598102	0.560619741	0.401523403	0.884051164	0.454185708	14	24.32264253	16.06781642	17
105	REV__P43652;F4IHU8	0.917637215	0.939859012	-0.129838997	-0.105292776	1.233123511	14	21.27166708	7.001	0
106	F4II66;Q38884	1.33E-08	2.59E-07	-1.914462625	-11.67775361	0.163941002	14	21.70074621	7.012565737	7
107	F4IIA5;O81147	0.919365445	0.940901054	-0.156681862	-0.103074913	1.520077553	14	21.27658805	7.001	4
108	F4IIM1	0.917637215	0.939859012	-0.129838997	-0.105292776	1.233123511	14	21.27166708	7.001	0
109	F4IK85	0.205932196	0.344262599	1.845659073	1.326421495	1.391457451	14	22.35232253	7.001	4
110	F4IKG5	0.669623811	0.838934701	-0.791926349	-0.435803514	1.817163752	14	21.39320795	7.001	5
111	F4IM84	0.110659259	0.21503687	0.650459651	1.702979586	0.381953875	14	22.57736595	8.896524633	9
112	F4IMB5	9.25E-10	2.78E-08	-0.998693515	-14.33584461	0.069664086	14	27.98605223	21	21
113	F4IMK2	0.545085654	0.716156688	-0.76170802	-0.620206505	1.228152259	14	21.36227299	7.001	1
114	F4IP55;Q96299	5.28E-05	0.000377488	-2.512012645	-5.721724074	0.439030721	14	22.76572352	11.43814515	11
115	F4IQY0;A0A1I9LNX5	0.001430172	0.006339046	-4.45471469	-3.957626714	1.125602542	14	23.15783917	7.001	4
116	F4IRX7	0.917637215	0.939859012	-0.129838997	-0.105292776	1.233123511	14	21.27166708	7.001	0
117	F4ISU2;F4I8Q1	0.464939191	0.63558238	-1.281235143	-0.751258145	1.705452581	14	22.98527122	13.53192905	14
118	F4IW47	0.917637215	0.939859012	-0.129838997	-0.105292776	1.233123511	14	21.27166708	7.001	0
119	F4IWK4	0.05477226	0.126095405	-2.371269549	-2.095647777	1.131521038	14	21.5922072	7.001	1
120	F4IWV2;REV__Q9Y6G1	0.001200087	0.005464415	-3.516532584	-4.047082238	0.86890564	14	22.29114666	7.079196437	7
121	F4IXW2	0.401661786	0.570471654	-1.072677129	-0.864917598	1.240207312	14	21.96478401	6.416386397	6
122	F4IYF8	0.917637215	0.939859012	-0.129838997	-0.105292776	1.233123511	14	21.27166708	7.001	0
123	F4IYK3	0.917637215	0.939859012	-0.129838997	-0.105292776	1.233123511	14	21.27166708	7.001	0
124	Q9SMV6;F4IZR5	0.862734363	0.939859012	-0.252104734	-0.176103775	1.431569162	14	21.28954872	7.001	2
125	F4J4K6	0.917637756	0.939859012	-0.129703841	-0.105292081	1.23184801	14	21.37530748	7.001	1
126	F4J6A1;Q9FI86	0.186878356	0.318997007	-2.232313562	-1.387840487	1.608479925	14	21.76558034	7.001	6
127	F4J7B7	0.917637215	0.939859012	-0.129838997	-0.105292776	1.233123511	14	21.27166708	7.001	0
128	F4J8D3	0.631626926	0.801730742	1.011974292	0.4901397	2.064665016	14	20.88015653	7.001	4
129	F4J9G2	0.005130984	0.018246814	-2.97708497	-3.312699226	0.898688582	14	21.96086447	7.275470824	7
130	F4J9K9	2.39E-06	2.51E-05	-2.503784633	-7.623412872	0.328433561	14	22.23823712	8.155153392	8
131	F4JB05;F4JNE0	0.007471917	0.025239341	-0.810471107	-3.123716497	0.259457319	14	23.5626889	19.87952426	20
132	F4JEQ1	4.09E-07	5.24E-06	-3.445339689	-8.860179509	0.388856646	14	22.79383082	8.193691603	8
133	F4JEX5	0.001120298	0.005165193	-0.536983389	-4.082258348	0.131540766	14	24.33487619	21	21
134	F4JF14	0.917637215	0.939859012	-0.129838997	-0.105292776	1.233123511	14	21.27166708	7.001	0
135	F4JFN3	0.434867592	0.605220788	0.076539569	0.803945585	0.095204912	14	25.38188925	21.00000001	21
136	F4JGP4	0.917638028	0.939859012	-0.12966164	-0.105291732	1.231451296	14	22.3134032	7.001	4
137	F4JJL8	0.037445018	0.093105161	-2.845101117	-2.298663796	1.237719549	14	21.99224064	7.001	6
138	F4JKH6	0.155377659	0.278344945	-1.533243667	-1.501748725	1.020972179	14	22.70233938	8.517305413	10
139	F4JKW9	0.917637215	0.939859012	-0.129838997	-0.105292776	1.233123511	14	21.27166708	7.001	0
140	F4JL11;O04294;Q9FWY7;O80480	1.85E-06	2.00E-05	-3.446207071	-7.79508583	0.442099952	14	22.62724127	9.471164856	9
141	F4JLP5	1.16E-06	1.33E-05	-2.418103963	-8.113788586	0.298024029	14	22.7691437	8.088081559	8
142	F4JLT3	0.917637215	0.939859012	-0.129838997	-0.105292776	1.233123511	14	21.27166708	7.001	0
143	O49652;F4JLY4	0.411562602	0.581863887	-0.77516381	-0.846402871	0.915833154	14	21.33380924	7.363138843	7
144	F4JMJ1	4.11E-05	0.000304731	-1.786984471	-5.865410018	0.304664885	14	22.26086106	14.14787104	14
145	F4JML5	0.310495684	0.471655282	0.283024173	1.052279338	0.268962967	14	24.06328442	14.51807592	15
146	F4JQ55;Q9STX5	0.000102878	0.000681517	-2.419597717	-5.347720527	0.452454032	14	24.91274871	13.07674074	13
147	F4JQG6	3.90E-06	3.89E-05	-2.400483684	-7.301140224	0.328782027	14	23.83876527	13.63137925	14
148	F4JRE0;Q9FYQ8	0.069072891	0.150116963	-3.080093233	-1.969010119	1.564285121	14	21.99110289	7.001	6
149	F4JRI7	8.31E-11	4.23E-09	-2.586314337	-17.18584648	0.150490949	14	24.350586	12.06255457	12
150	F4JRN8	0.343184959	0.507176697	-1.566008373	-0.981120678	1.596142461	14	21.60973427	7.001	6
151	F4JRR1	0.917637215	0.939859012	-0.129838997	-0.105292776	1.233123511	14	21.27166708	7.001	0
152	F4JT76	0.917637215	0.939859012	-0.129838997	-0.105292776	1.233123511	14	21.27166708	7.001	0
153	F4JTK8	0.05457475	0.125809881	-3.435890013	-2.097601367	1.638009045	14	22.0681134	7.001	4
154	F4JTN1	0.196091492	0.331174828	-2.214495155	-1.357536817	1.63125974	14	21.83000329	7.001	5
155	F4JTU8	0.917637743	0.939859012	-0.129706096	-0.105292098	1.231869228	14	21.57134539	7.001	1
156	F4JUM1	0.917637215	0.939859012	-0.129838997	-0.105292776	1.233123511	14	21.27166708	7.001	0
157	F4JUY5	0.24161864	0.389180293	-2.000458042	-1.222725447	1.636064781	14	21.67039388	7.001	5
158	F4JVC1;Q03251	5.62E-10	1.83E-08	-1.956756962	-14.88741273	0.131437006	14	23.44461485	9.959000453	10
159	F4JVM4	0.917637215	0.939859012	-0.129838997	-0.105292776	1.233123511	14	21.27166708	7.001	0
160	F4JVN6	0.010027011	0.032355623	-2.248413002	-2.97548097	0.755646911	14	22.65166354	8.751485061	8
161	F4JXW9	0.771689758	0.931203884	0.436412277	0.29584694	1.475128581	14	21.03782239	7.001	3
162	F4JY76	0.002216712	0.009171535	-0.644828364	-3.735345384	0.172628846	14	25.28946108	21	21
163	F4JZV1	0.917637215	0.939859012	-0.129838997	-0.105292776	1.233123511	14	21.27166708	7.001	0
164	F4K0E8	0.113416859	0.218637004	-1.801435603	-1.688694971	1.066761987	14	21.64567238	6.528358678	6
165	F4K1G7	0.629249024	0.800188468	0.07678099	0.49358962	0.15555633	14	24.02913585	21.00000006	21
166	F4K410	0.607056385	0.778621948	-0.740858818	-0.526094888	1.408222804	14	21.35668049	7.001	2
167	F4K5B9;Q95460	1.03E-05	9.17E-05	-2.209443206	-6.687374078	0.330390252	14	24.54477294	13.21408682	13
168	F4K5S0	0.766839551	0.927791588	0.442008336	0.302338007	1.461967484	14	21.19031335	7.001	1
169	F4KH94	0.917637215	0.939859012	-0.129838997	-0.105292776	1.233123511	14	21.27166708	7.001	0
170	F4KHU8;Q9FIE8;Q8VZC0	5.34E-11	2.94E-09	-2.74302732	-17.7626234	0.154426925	14	24.16010245	13.02063686	13
171	F4KHY7;P48348	0.829672672	0.939859012	-0.304482305	-0.219180572	1.389184737	14	22.24767797	7.001	5
172	F4KIB2;Q8RWW1	0.040641024	0.099656497	-2.820738158	-2.255358919	1.2506826	14	21.86481353	7.001	5
173	F5H5P2;P12694	0.114396928	0.219857611	0.411390548	1.683691193	0.244338481	14	21.11108232	19.04365794	19
174	F8W031;Q9Y2B0	0.036335184	0.090961885	0.27836379	2.314520359	0.120268456	14	24.72044225	21	21
175	G3V325;O75127	0.917637215	0.939859012	-0.129838997	-0.105292776	1.233123511	14	21.27166708	7.001	0
176	H0YAA0	0.917710233	0.939859012	-0.132114997	-0.10519906	1.25585721	14	21.83827221	8.354306909	8
177	H0YC42	0.030526432	0.079643606	0.186500283	2.405823841	0.07752034	14	26.92860231	21	21
178	H3BN98;Q15041	0.090484375	0.18601194	0.371009409	1.818229314	0.204049845	14	23.4847606	19.9809144	20
179	I3L0E3;Q9Y2R5	0.382688984	0.551348563	0.14679123	0.901267912	0.162871914	14	24.5907957	19.94506518	20
180	iRT-fusion-cRAP;iRT-a-cRAP;iRT-d-cRAP;iRT-k-cRAP;iRT-i-cRAP;iRT-f-cRAP;iRT-e-cRAP;iRT-h-cRAP;iRT-g-cRAP;iRT-c-cRAP;iRT-l-cRAP;iRT-b-cRAP	0.925867445	0.945797047	0.066467053	0.094735565	0.70160613	14	31.57789881	21	21
181	K7EQG2	0.34509941	0.509595561	-0.854808351	-0.977106573	0.874836353	14	22.03541042	12.07034977	12
182	K7ERE1;Q8N2U0	0.917752966	0.939859012	-0.132655756	-0.105144213	1.26165532	14	22.3965752	6.62726239	7
183	L7N2F9;Q15836;P63027	0.158125101	0.282073455	0.206980893	1.491082249	0.138812526	14	23.74539969	17.83129932	18
184	M0QYT0	0.03407661	0.086784892	0.171216842	2.348254413	0.07291239	14	25.58756107	21.00000059	21
185	M0QZD8	0.06906971	0.150116963	0.299546232	1.969035509	0.152128405	14	26.71731387	21	21
186	O00115	0.112633095	0.217693682	-0.432734967	-1.692723758	0.255644174	14	22.37361402	10.9797293	11
187	O00116	7.98E-05	0.000545098	-0.547426507	-5.488829657	0.09973465	14	25.84832626	21	21
188	O00139;Q8N4N8	0.001774396	0.007637256	0.296639131	3.848038331	0.077088403	14	26.53801928	21	21
189	O00148	0.134200548	0.248243958	0.095680075	1.589803516	0.060183585	14	27.50277744	21	21
190	O00151	0.000217827	0.001299173	0.147588944	4.939089932	0.029881809	14	30.05003865	21	21
191	O00154;Q6ZUV0	0.000330347	0.00184065	0.282285021	4.717085054	0.059843106	14	27.22758881	21	21
192	O00161	0.49356975	0.665433902	0.153720717	0.703018707	0.218658075	14	24.15638317	18.90207253	19
193	O00165	0.7937209	0.939859012	-0.646264292	-0.266524233	2.424786241	14	20.9250945	7.001	6
194	O00170	0.061084211	0.136472639	0.185756779	2.036406673	0.091217919	14	26.66354866	21.00000019	21
195	O00178	0.698423662	0.866255161	0.08663257	0.395515628	0.219037034	14	25.0194523	21.00000073	21
196	O00182;Q6DKI2;Q3B8N2	0.093913818	0.190773272	0.399083959	1.797127712	0.222067668	14	24.10728457	19.86705027	20
197	O00186	0.967945717	0.979331221	0.045990026	0.040909529	1.124188595	14	21.60106313	14.08677974	14
198	O00193	0.002834633	0.011178118	0.35579914	3.611227393	0.09852582	14	25.38785776	21	21
199	O00203;Q13367	0.017525987	0.050993954	0.221891197	2.692089737	0.082423403	14	26.2113236	21	21
200	O00217	0.196048874	0.331174828	-0.228325799	-1.357674297	0.168174208	14	22.7224897	18.98878572	19
201	O00231	0.028845133	0.076342529	0.074640881	2.435347087	0.03064897	14	29.16644001	21.00000084	21
202	O00232	0.957066143	0.970976991	-0.002664841	-0.054807683	0.048621667	14	27.6747782	21	21
203	O00233	0.228257871	0.37209345	0.281080505	1.260029774	0.223074494	14	24.56453269	21	21
204	O00244	0.311475729	0.472752658	-0.148963295	-1.050068827	0.141860506	14	24.33225381	21	21
205	O00264	0.258057343	0.407985547	-0.211298403	-1.178975099	0.179222108	14	23.9786709	21	21
206	O00267	3.55E-05	0.00026851	0.686297808	5.950257791	0.115339172	14	26.10938303	21	21
207	O00273	0.125264764	0.235031536	0.149056845	1.630571064	0.09141389	14	26.5697138	21.00000055	21
208	O00291	0.195215941	0.330056435	0.685282709	1.360366131	0.503748729	14	22.09243707	15.13692917	15
209	O00299	0.000296604	0.001683303	0.163823254	4.774219637	0.034314143	14	29.2769071	21	21
210	O00303	0.007777902	0.0260417	0.124762226	3.10351466	0.040200302	14	27.86366606	21.00000001	21
211	O00329;P42338	0.205313097	0.34343622	0.149556748	1.328343178	0.112588938	14	23.49951044	21.00000001	21
212	O00330	0.020615098	0.058257758	0.685713851	2.608947292	0.262831623	14	21.72593436	16.07822883	16
213	O00410;O60518	0.077130676	0.164066605	0.071191533	1.90787506	0.037314567	14	29.70015521	21	21
214	O00411	0.294759902	0.453002027	1.197908805	1.088495838	1.100517579	14	22.24635398	7.005820623	7
215	O00422;O64644	0.000729683	0.003605838	0.304303562	4.302727937	0.070723403	14	26.66160827	21.00000033	21
216	O00425;Q9NZI8;Q9Y6M1;Q9M082;Q0WVH7	0.0113794	0.035653725	0.091662155	2.911545213	0.031482305	14	28.20214641	21	21
217	O00429	0.000554133	0.002856275	0.262283522	4.445529441	0.058999389	14	26.64999387	21	21
218	O00442	0.917637539	0.939859012	-0.130085148	-0.105292359	1.23546617	14	21.90787151	8.06242441	8
219	O00461	0.004361325	0.015942294	0.46317752	3.394386005	0.136453992	14	23.92016118	21.0000005	21
220	O00483	0.008312907	0.027485015	0.273245879	3.070015528	0.089004722	14	26.69846341	21.00000009	21
221	O00487	0.379221611	0.547642962	-0.084577453	-0.908042127	0.093142653	14	26.9909461	21	21
222	O00499	0.917637215	0.939859012	-0.129838997	-0.105292776	1.233123511	14	21.27166708	7.001	0
223	O00505	0.017723264	0.051513501	0.261524949	2.686370366	0.097352529	14	25.21740637	21	21
224	O00541;Q9LYK7;Q674R7	0.008678053	0.028455475	0.130601495	3.048356558	0.042843248	14	27.31075966	21.00000019	21
225	O00560	0.049816934	0.116698818	-0.204624213	-2.146757121	0.095317822	14	24.91205456	21	21
226	O00566	0.000934955	0.00444851	0.510776579	4.174981675	0.122342233	14	24.55096821	21.00000001	21
227	O00567	5.06E-06	4.90E-05	0.212219069	7.133582126	0.029749299	14	28.65981307	21.00000001	21
228	O00571;Q9NQI0;Q8GY84	0.000819519	0.003981866	0.129034352	4.242794486	0.030412586	14	29.44214713	21	21
229	O00625	0.106003567	0.20850271	-0.567760514	-1.727820246	0.328599295	14	23.21049449	17.85264215	18
230	O00629	0.25546644	0.406117372	0.14512296	1.185724594	0.122391794	14	25.83693808	21	21
231	O00743	0.144302725	0.262346928	0.243540068	1.546428565	0.157485495	14	25.25004736	21.00000002	21
232	O00754;M0QZ24;M0R2P5	0.014396869	0.043403485	-2.422648109	-2.792298503	0.867617881	14	23.27888231	15.92349654	16
233	O00762	0.067135317	0.146950266	0.339742315	1.984675211	0.171182828	14	23.45152765	17.88824792	18
234	O00764	0.014931848	0.044771145	0.23466132	2.773746497	0.084600853	14	25.98073035	21	21
235	O00767	0.665199917	0.834912344	0.067541075	0.442057143	0.152788109	14	23.82590592	19.97186749	20
236	O03042;P93292;F4INE2;REV__Q9FRK9;REV__O04658;O80674;P19086;Q7Z736	9.45E-06	8.51E-05	-2.076265036	-6.741529603	0.307981298	14	30.72540126	19.07607279	19
237	O04151	1.87E-07	2.64E-06	-2.686494533	-9.450100647	0.284282108	14	23.9459535	12.21871218	12
238	O04153	0.917637215	0.939859012	-0.129838997	-0.105292776	1.233123511	14	21.27166708	7.001	0
239	O04209	0.067270931	0.147109317	-3.010131862	-1.983565449	1.517535942	14	22.01893848	7.001	4
240	O04309	0.000616229	0.003122893	-0.700598166	-4.390287224	0.159579119	14	23.33423579	10.91766547	11
241	O04331;Q9LK25	0.222029024	0.363879065	-2.642626095	-1.278012691	2.067762012	14	22.65011178	7.001	6
242	O04450;Q67ZE4	0.055911813	0.127896899	-3.507172912	-2.084501887	1.682499275	14	22.08680574	7.001	5
243	O04487	7.00E-07	8.54E-06	-2.71128296	-8.470557581	0.320083174	14	23.31701395	12.27567231	12
244	O04496	0.028095185	0.074897817	-2.939349767	-2.449048971	1.200200487	14	22.06055558	6.338375873	6
245	O04499	1.55E-05	0.000129875	-2.695574033	-6.437431457	0.418734405	14	23.31311585	13.58858867	14
246	O04532	3.43E-07	4.50E-06	-2.532800033	-8.991921778	0.281675052	14	23.26304781	10.03008997	10
247	O04573	0.917637215	0.939859012	-0.129838997	-0.105292776	1.233123511	14	21.27166708	7.001	0
248	O04603	1.81E-08	3.41E-07	-3.924406302	-11.39728908	0.344328048	14	23.41199245	10.21560828	10
249	O04616	0.005430174	0.019199169	-2.668410378	-3.2842158	0.812495445	14	24.34430189	13.33656761	12
250	O04630	2.39E-06	2.51E-05	-1.823863129	-7.624634647	0.239206626	14	22.5203797	10.1460485	10
251	O04834;Q8VYP7;O80489;Q3E6Q3	2.13E-08	3.91E-07	-3.254448475	-11.25230195	0.289225128	14	23.19149077	12.22675288	12
252	Q9S9K7;O04848	0.791668316	0.939859012	-0.4137548	-0.269245449	1.536719751	14	21.19842052	7.001	4
253	O04905	0.098839222	0.198290786	-2.829133674	-1.767989428	1.600198298	14	22.03509504	7.001	6
254	O04922;O22850	0.002566402	0.01028242	-1.7337351	-3.66136363	0.473521692	14	22.34106469	8.185151264	8
255	O04983	2.21E-05	0.000177761	-2.904653007	-6.22759872	0.466416212	14	23.70203953	14.16889273	14
256	O14497	0.099972784	0.199909254	0.503122232	1.761465952	0.285626998	14	25.07376536	21.00000002	21
257	O14519;O75956	0.52308848	0.694381982	0.265420573	0.654994025	0.405225945	14	22.66670801	9.793053728	10
258	O14524	0.473567989	0.64465672	-0.826685837	-0.736534023	1.122400068	14	20.77966036	11.16832964	11
259	O14530	0.298442959	0.457003752	1.197497643	1.079893348	1.10890362	14	22.45343183	17.03250108	17
260	O14545	2.04E-07	2.85E-06	-2.106322018	-9.385701984	0.224418165	14	26.60707666	21	21
261	O14548	0.917638696	0.939859012	-0.130247652	-0.105290875	1.237026974	14	21.66273832	7.001	4
262	O14561	0.560261961	0.731808373	-0.044635183	-0.596656611	0.074808829	14	26.73941774	21	21
263	O14562	0.917637215	0.939859012	-0.129838997	-0.105292776	1.233123511	14	21.27166708	7.001	0
264	O14579	0.000508248	0.002652041	0.357098934	4.490609351	0.079521264	14	26.70482378	21	21
265	O14602;P47813	0.003196325	0.012361004	0.320187636	3.550724482	0.090175297	14	27.33450092	21.00000002	21
266	O14617	0.002368285	0.009650192	0.538369511	3.701923387	0.145429674	14	25.85689034	21	21
267	Q92997;O14641	0.716202417	0.88164005	-0.453300768	-0.370984677	1.221885421	14	20.81814031	8.311912044	8
268	O14646	0.917786524	0.939859012	-0.133005935	-0.105101143	1.265504174	14	21.2597972	7.001	4
269	O14656	0.462226296	0.63295063	0.838239925	0.755922141	1.108897172	14	21.96967651	16.07381823	16
270	O14672	0.099004901	0.198406254	0.308702436	1.767031853	0.174701116	14	23.92238025	17.91029113	18
271	O14737	7.24E-06	6.74E-05	0.286764698	6.907624192	0.04151423	14	26.00312251	21.00000006	21
272	O14744	0.750529388	0.912345339	0.019493727	0.324267713	0.060116151	14	27.38339109	21.00000414	21
273	O14745	0.007473806	0.025239341	0.197356419	3.123589293	0.063182576	14	26.34778244	21	21
274	O14757	0.61547483	0.787035758	0.566558519	0.513697543	1.102902918	14	21.8879532	15.0613545	15
275	O14773	6.31E-05	0.000443356	-0.62274207	-5.620381254	0.110800681	14	24.33650357	21	21
276	O14776;Q5VWI1	0.545677483	0.71659221	-0.039497968	-0.619281464	0.063780316	14	27.29248507	21	21
277	O14787	0.004239819	0.015622627	-1.033289638	-3.408590557	0.303142786	14	23.31977202	16.73485115	17
278	O14818;Q8TAA3	0.033015862	0.08485169	0.070954427	2.364834888	0.030003966	14	29.41046226	21	21
279	O14828	0.661023924	0.830617828	-0.058611094	-0.447977142	0.13083501	14	25.96681423	21.00000057	21
280	O14874	7.03E-06	6.60E-05	-1.756098616	-6.925489479	0.253570325	14	20.21061637	9.029194223	9
281	O14925;Q5SRD1	0.243549171	0.391342144	0.147988893	1.217469825	0.121554465	14	23.10801275	17.96820605	18
282	O14929;REV__Q7LFX5	0.401281885	0.570079168	0.068606292	0.865634026	0.07925554	14	26.83308729	21	21
283	O14933	0.214062762	0.355479791	-0.226109618	-1.30160572	0.173715907	14	23.25311648	18.95744992	19
284	O14949	0.020669324	0.05838103	0.262054337	2.607598284	0.100496437	14	26.02556683	21.00000001	21
285	O14950;P24844	0.917638014	0.939859012	-0.129663651	-0.10529175	1.231470177	14	21.4169645	7.001	2
286	O14964	0.056790444	0.129453993	-0.302677428	-2.076050375	0.145794838	14	23.84226609	18.9387119	19
287	O14966	0.917637215	0.939859012	-0.129838997	-0.105292776	1.233123511	14	21.27166708	7.001	0
288	O14974	0.917637143	0.939859012	-0.129941011	-0.105292868	1.23409128	14	21.13885783	7.001	5
289	O14976	0.821284338	0.939859012	0.254158598	0.230175948	1.104192685	14	21.64473106	14.08657192	14
290	O14979	0.017833901	0.051780392	0.13612772	2.683189834	0.05073354	14	28.32512931	21.00000083	21
291	O14980	0.113495019	0.218637004	0.079713227	1.688294535	0.047215237	14	28.75086387	21	21
292	O14981	0.917637215	0.939859012	-0.129838997	-0.105292776	1.233123511	14	21.27166708	7.001	0
293	O15027	3.34E-05	0.000255073	0.622836888	5.984846674	0.10406898	14	24.75771991	21	21
294	O15042	0.002219433	0.009171535	0.270710966	3.734725245	0.072484841	14	26.92428677	21.00000002	21
295	O15067	0.21604426	0.3574763	0.151368023	1.295672653	0.116825822	14	27.27117453	21	21
296	O15091	0.205015388	0.343146766	1.475380559	1.32926893	1.109918788	14	22.37929065	11.99979031	12
297	O15111;O14920	0.130204053	0.241989639	1.754366598	1.607738386	1.091201537	14	22.8458157	7.983658343	8
298	O15116	0.133687884	0.247461937	-0.471228172	-1.592078316	0.295983035	14	22.12760211	12.04191134	12
299	O15126	0.320235804	0.48206128	1.182267697	1.030532389	1.147239728	14	22.08589129	8.058458258	8
